<?xml version="1.0"?>
<opencv_storage>
<CornersAmount>48</CornersAmount>
<Corner_0>
  231 350</Corner_0>
<Corner_1>
  241 347</Corner_1>
<Corner_2>
  251 344</Corner_2>
<Corner_3>
  261 341</Corner_3>
<Corner_4>
  270 338</Corner_4>
<Corner_5>
  280 335</Corner_5>
<Corner_6>
  289 333</Corner_6>
<Corner_7>
  297 331</Corner_7>
<Corner_8>
  240 353</Corner_8>
<Corner_9>
  250 349</Corner_9>
<Corner_10>
  260 347</Corner_10>
<Corner_11>
  269 344</Corner_11>
<Corner_12>
  279 340</Corner_12>
<Corner_13>
  289 338</Corner_13>
<Corner_14>
  297 334</Corner_14>
<Corner_15>
  306 333</Corner_15>
<Corner_16>
  249 356</Corner_16>
<Corner_17>
  258 352</Corner_17>
<Corner_18>
  269 349</Corner_18>
<Corner_19>
  278 346</Corner_19>
<Corner_20>
  288 344</Corner_20>
<Corner_21>
  297 341</Corner_21>
<Corner_22>
  307 338</Corner_22>
<Corner_23>
  315 335</Corner_23>
<Corner_24>
  257 359</Corner_24>
<Corner_25>
  268 356</Corner_25>
<Corner_26>
  278 352</Corner_26>
<Corner_27>
  288 349</Corner_27>
<Corner_28>
  297 346</Corner_28>
<Corner_29>
  307 343</Corner_29>
<Corner_30>
  316 340</Corner_30>
<Corner_31>
  324 337</Corner_31>
<Corner_32>
  267 363</Corner_32>
<Corner_33>
  278 359</Corner_33>
<Corner_34>
  288 356</Corner_34>
<Corner_35>
  298 352</Corner_35>
<Corner_36>
  307 349</Corner_36>
<Corner_37>
  316 346</Corner_37>
<Corner_38>
  325 344</Corner_38>
<Corner_39>
  333 340</Corner_39>
<Corner_40>
  277 367</Corner_40>
<Corner_41>
  287 363</Corner_41>
<Corner_42>
  297 359</Corner_42>
<Corner_43>
  308 356</Corner_43>
<Corner_44>
  318 352</Corner_44>
<Corner_45>
  325 349</Corner_45>
<Corner_46>
  335 346</Corner_46>
<Corner_47>
  343 343</Corner_47>
</opencv_storage>
