<?xml version="1.0"?>
<opencv_storage>
<calibration_time>"Mon Feb 12 17:07:10 2018"</calibration_time>
<nr_of_frames>8</nr_of_frames>
<image_width>1600</image_width>
<image_height>1200</image_height>
<board_width>9</board_width>
<board_height>6</board_height>
<square_size>25.</square_size>
<fix_aspect_ratio>1.</fix_aspect_ratio>
<!-- flags: +fix_aspectRatio +fix_principal_point +zero_tangent_dist +fix_k4 +fix_k5 -->
<flags>6158</flags>
<fisheye_model>0</fisheye_model>
<camera_matrix type_id="opencv-matrix">
  <rows>3</rows>
  <cols>3</cols>
  <dt>d</dt>
  <data>
    1.7650848989163255e+03 0. 800. 0. 1.7650848989163255e+03 600. 0. 0.
    1.</data></camera_matrix>
<distortion_coefficients type_id="opencv-matrix">
  <rows>5</rows>
  <cols>1</cols>
  <dt>d</dt>
  <data>
    7.9349012729967028e-02 -9.4466079277109316e-01 0. 0.
    3.6621402227269613e+00</data></distortion_coefficients>
<avg_reprojection_error>1.1895185866296651e+00</avg_reprojection_error>
<per_view_reprojection_errors type_id="opencv-matrix">
  <rows>8</rows>
  <cols>1</cols>
  <dt>f</dt>
  <data>
    6.57123327e-01 1.00162554e+00 9.52404797e-01 1.49634206e+00
    1.45784616e+00 1.29218650e+00 9.61858392e-01 1.42064190e+00</data></per_view_reprojection_errors>
<!-- a set of 6-tuples (rotation vector + translation vector) for each view -->
<extrinsic_parameters type_id="opencv-matrix">
  <rows>8</rows>
  <cols>6</cols>
  <dt>d</dt>
  <data>
    5.8759046532037007e-02 -4.0223344411528167e-02
    -6.9442132108758709e-03 -6.6938041523370558e+01
    -5.7866957003520447e+01 3.8536269624226793e+02
    -1.4767939122491722e-01 2.9272400404142301e-01
    3.7093542874035365e-02 -6.2184901661032228e+01
    -3.2363857724915526e+01 4.6506246994803502e+02
    -1.3760974847241522e-01 -4.2524221846333332e-01
    -9.6713751183007401e-02 -8.0520502724432461e+01
    -5.5465143366508009e+01 3.6467991193068161e+02
    3.8859962379297835e-01 -2.3919069448707309e-01
    8.4200807929950813e-02 -6.7870217525259037e+01
    -2.5773290878293498e+01 3.1147229822639417e+02
    -7.8253884238654126e-01 -4.3814965727590353e-02
    3.7198780890158961e-02 -8.1058396549386885e+01
    -1.9656493719105804e+01 4.5732652220797445e+02
    -6.0701914452159222e-01 -1.0301568017674203e-02
    -2.7833656004648122e-01 -1.0768202441221231e+02
    -1.8237049713294784e+01 4.3386272993119604e+02
    -2.6536635342614828e-01 1.6958225330813925e-01
    5.0351270974318529e-01 -3.6507968266997395e+01
    -9.7619912130779312e+01 4.6148965412193547e+02
    4.4324404756081143e-01 5.2854077857653295e-02 1.3362616773711469e-01
    -6.6371972571312881e+01 -3.5585778093150161e+01
    3.6058525744086683e+02</data></extrinsic_parameters>
<image_points type_id="opencv-matrix">
  <rows>8</rows>
  <cols>54</cols>
  <dt>"2f"</dt>
  <data>
    4.92285065e+02 3.34118774e+02 6.07481628e+02 3.33528046e+02
    7.22422241e+02 3.33449829e+02 8.36386292e+02 3.33375732e+02
    9.48850769e+02 3.33422333e+02 1.06236328e+03 3.32842957e+02
    1.17480920e+03 3.32377014e+02 1.28590100e+03 3.32325714e+02
    1.39715759e+03 3.31899414e+02 4.93658508e+02 4.49216980e+02
    6.08997253e+02 4.48764984e+02 7.23409119e+02 4.48432007e+02
    8.37011719e+02 4.48124664e+02 9.49472534e+02 4.47697845e+02
    1.06245142e+03 4.46759064e+02 1.17354688e+03 4.46349976e+02
    1.28492810e+03 4.45608368e+02 1.39579456e+03 4.45083710e+02
    4.96275604e+02 5.63871826e+02 6.10970276e+02 5.62983521e+02
    7.24436646e+02 5.62440552e+02 8.37505737e+02 5.61699036e+02
    9.49347351e+02 5.60724121e+02 1.06188953e+03 5.60039490e+02
    1.17362659e+03 5.59027405e+02 1.28440076e+03 5.58377686e+02
    1.39469800e+03 5.57376526e+02 4.98981812e+02 6.76671692e+02
    6.12633240e+02 6.75670349e+02 7.25515808e+02 6.74817810e+02
    8.38172485e+02 6.73947083e+02 9.49827026e+02 6.72869751e+02
    1.06188184e+03 6.71934021e+02 1.17284875e+03 6.70638855e+02
    1.28345276e+03 6.69632568e+02 1.39286670e+03 6.68494568e+02
    5.00791748e+02 7.89131042e+02 6.14028137e+02 7.87894714e+02
    7.26596741e+02 7.87171082e+02 8.38596069e+02 7.85505615e+02
    9.49870483e+02 7.84308472e+02 1.06100439e+03 7.83072266e+02
    1.17171094e+03 7.81607971e+02 1.28157947e+03 7.80483887e+02
    1.39146790e+03 7.79396729e+02 5.02748840e+02 9.00292603e+02
    6.15503052e+02 8.98957092e+02 7.27609558e+02 8.97349670e+02
    8.39360107e+02 8.96845703e+02 9.51329041e+02 8.95944153e+02
    1.06189868e+03 8.94331055e+02 1.17051526e+03 8.91500977e+02
    1.28002771e+03 8.89799622e+02 1.38934875e+03 8.88558533e+02
    5.63572205e+02 4.78424927e+02 6.51888062e+02 4.77470215e+02
    7.43484558e+02 4.76812469e+02 8.38040955e+02 4.76270660e+02
    9.36500977e+02 4.76385956e+02 1.03723584e+03 4.75191956e+02
    1.14167847e+03 4.73875336e+02 1.25035974e+03 4.73508789e+02
    1.36264038e+03 4.72621826e+02 5.53907471e+02 5.70616028e+02
    6.43390625e+02 5.71600586e+02 7.36203125e+02 5.72741272e+02
    8.32066833e+02 5.74185120e+02 9.31383667e+02 5.75908752e+02
    1.03262085e+03 5.76336182e+02 1.13846765e+03 5.77580322e+02
    1.24762256e+03 5.78465698e+02 1.36119238e+03 5.79624878e+02
    5.48723511e+02 6.66399841e+02 6.38164185e+02 6.68600159e+02
    7.31068787e+02 6.71379150e+02 8.26728149e+02 6.73908508e+02
    9.25712952e+02 6.76818665e+02 1.02835901e+03 6.79403625e+02
    1.13466479e+03 6.82310486e+02 1.24498328e+03 6.85446716e+02
    1.35960132e+03 6.88505554e+02 5.42419312e+02 7.62524841e+02
    6.32769775e+02 7.66642822e+02 7.25482727e+02 7.70666260e+02
    8.20914917e+02 7.74966064e+02 9.20423218e+02 7.79588440e+02
    1.02376312e+03 7.84011475e+02 1.13119983e+03 7.88872742e+02
    1.24248889e+03 7.94025879e+02 1.35807190e+03 7.99512695e+02
    5.34922241e+02 8.60379700e+02 6.24976440e+02 8.65999390e+02
    7.17602600e+02 8.72056213e+02 8.14948120e+02 8.78206726e+02
    9.15274414e+02 8.84323669e+02 1.01986572e+03 8.91085449e+02
    1.12764172e+03 8.97877441e+02 1.23967493e+03 9.05267029e+02
    1.35639380e+03 9.12882690e+02 5.27160522e+02 9.59361450e+02
    6.17356995e+02 9.66832092e+02 7.11622498e+02 9.74657654e+02
    8.08337402e+02 9.82690857e+02 9.10730103e+02 9.90805481e+02
    1.01467133e+03 9.99759827e+02 1.12408118e+03 1.00856519e+03
    1.23717151e+03 1.01798828e+03 1.35455566e+03 1.02774768e+03
    4.08622925e+02 3.31601593e+02 5.27191589e+02 3.30934540e+02
    6.38926941e+02 3.30642639e+02 7.44347534e+02 3.30693237e+02
    8.42647156e+02 3.31742401e+02 9.38659180e+02 3.30685211e+02
    1.02994373e+03 3.30041779e+02 1.11489246e+03 3.30415131e+02
    1.19723401e+03 3.30381897e+02 4.22345276e+02 4.48501892e+02
    5.41153320e+02 4.45007385e+02 6.53141541e+02 4.42086823e+02
    7.58465698e+02 4.39577576e+02 8.56693298e+02 4.37995026e+02
    9.53545898e+02 4.33914459e+02 1.04323999e+03 4.31564178e+02
    1.12984143e+03 4.28613281e+02 1.21237012e+03 4.26462555e+02
    4.33300720e+02 5.70373718e+02 5.52643188e+02 5.63063843e+02 665.
    5.56689758e+02 7.71349854e+02 5.50357483e+02 8.71203125e+02
    5.44809448e+02 9.67802856e+02 5.38786804e+02 1.05919446e+03
    5.33342529e+02 1.14559692e+03 5.28278748e+02 1.22772827e+03
    5.23536194e+02 4.44583557e+02 6.92395325e+02 5.63883728e+02
    6.81797363e+02 6.77153809e+02 6.71852722e+02 7.84751587e+02
    6.62224243e+02 8.86268616e+02 6.53342773e+02 9.82747559e+02
    6.44571228e+02 1.07354614e+03 6.36805481e+02 1.15985181e+03
    6.29308105e+02 1.24218848e+03 6.22240601e+02 4.56661713e+02
    8.16422607e+02 5.77328125e+02 8.01857788e+02 6.92213135e+02
    7.88374939e+02 7.99789368e+02 7.75731445e+02 9.00448303e+02
    7.63859436e+02 9.95512207e+02 7.52896973e+02 1.08744922e+03
    7.42171204e+02 1.17426221e+03 7.32110474e+02 1.25862732e+03
    7.22133240e+02 4.69499268e+02 9.41781982e+02 5.90995178e+02
    9.23764099e+02 7.05828735e+02 9.07044678e+02 8.14599792e+02
    8.91250061e+02 9.13458130e+02 8.76140137e+02 1.01151257e+03
    8.61923157e+02 1.10142053e+03 8.48530029e+02 1.18864319e+03
    8.35603210e+02 1.27282068e+03 8.23405884e+02 4.14404633e+02
